100
47.440446593327195 56.027494647732574
50.583194471515824 2.368427043481845
21.14254974432315 99.8421711543069
28.14073418690072 68.5000192897485
11.43216943849664 50.056033837071965
71.11730978271487 75.22940107581904
74.79674145842705 47.678443661591544
67.6184289248267 90.06193492970314
18.328718430485015 53.13720393098943
47.10706710854242 89.56321309744735
19.0241472855405 12.44067480606216
43.02062130326166 81.32227659113673
94.63432023965261 80.77101492897614
73.18978213330311 23.47288158362609
56.561884878578056 82.5401031978027
83.69492744231947 73.72772360861674
63.21025014381599 63.950725334670985
35.18204476369715 21.273286147226223
76.65473175506533 84.75366117033063
79.15381098487136 59.28607061430117
34.381895810037825 25.64971070116666
98.65544843757189 55.991644653050244
90.64183021244588 50.67994025936533
33.72317436768999 45.86268810256352
38.249782833230505 48.316298760838556
6.108637621843382 58.44068888271332
39.85224894457888 17.16182165769139
39.162158289475435 52.60310939815985
85.85558941020322 69.54592564827902
45.43646077591138 59.868145263672936
81.27187040360047 27.83615069775643
99.77154972559406 83.44416263360351
15.552341289464982 36.59673218850173
54.89205294004419 67.26468304483443
37.541459858188496 89.1366627500508
1.5036774480389699 67.44495610556997
11.532218059195934 7.151193691251377
83.21997861904795 57.80804066904341
83.42281847219947 1.9103821171391968
44.46400577697788 14.68529733065628
13.635884133188107 16.705677353035014
32.585566366852746 28.926164471471704
28.86005195897709 45.46969016025071
68.23011667918763 2.8078785936368256
35.89536485233407 79.06992131953386
20.209539988492025 12.793555117076574
98.2526097938769 27.482792231748032
3.1988552713151 40.469353530503
86.62034733364479 94.23184163617425
58.841898050284996 42.06447801906109
88.35983402884948 71.59906920460743
49.895546530647536 31.043002233933557
91.2001698791556 47.72061405572884
49.81942592053293 18.381717911305948
28.51573287419894 68.76186284834054
3.5862821362550306 1.3633385956488109
23.567756527609 85.80650791862888
41.42912827723653 41.26535761134189
12.410281304375536 19.68623436436205
32.32906305272449 45.69152629165668
71.74218593586644 86.17766747955591
82.82900009844714 80.6141666021912
25.253712545298008 99.69319496599105
27.61875856795839 54.31501090844927
3.140664004186024 92.50972710762632
76.78799020319472 74.20709502467305
28.893992805687276 88.85310327413707
73.38080204099239 84.90622341664806
18.846846254097894 16.11933866733795
9.504213012117816 5.264153164163952
34.66580429252732 14.430257238336962
72.60875595358917 25.909047524773754
24.85305705800686 96.77180303408221
73.30454887084801 20.34073655732007
26.08198085905925 46.57837954898732
8.750168249019513 73.45666185465504
15.771605184642441 70.48323956992422
42.68993846574877 21.78261035854122
45.09092347003209 27.576481997944107
12.786949102265602 80.37193719094677
42.12441675969349 43.165579492975574
36.075891668714696 45.941556406430664
13.665275281579996 83.17264526668887
62.92194025064963 74.66082877079683
1.0208858973814952 27.803513490771046
66.32940165387106 49.2850827721008
75.3468228954974 23.642617907702157
49.92759864894309 87.59204810936936
92.35240355550005 48.653045376602286
11.623220158749781 71.22246188976679
71.1829931027317 6.204330188057892
82.35645883008318 46.995387040952075
85.71207873897868 91.16533607538109
44.36942166931656 96.22180837605404
62.695455968555876 86.5474624110239
29.256578887951424 36.74082324757631
12.974701861118653 67.18936273061588
32.0551504872451 3.94544243513902
9.691710939439078 77.79676886687588
10.380221119999986 55.70248482011161
